A = [ 4 1; 1 4]
z = [6 ; -3]

A\z